service_id,monday,tuesday,wednesday,thursday,friday,saturday,sunday,start_date,end_date
1,1,0,0,0,0,0,0,20260223,20260223
41,0,1,0,0,0,0,0,20260224,20260224
42,0,0,0,1,0,0,0,20260226,20260423
43,0,0,0,0,1,0,0,20260227,20260424
44,1,0,0,0,0,0,0,20260223,20260427
45,0,1,0,0,0,0,0,20260224,20260421
46,0,0,1,0,0,0,0,20260225,20260422
47,0,0,0,0,0,1,0,20260228,20260425
48,0,0,0,0,0,0,1,20260301,20260426
54,1,0,0,0,0,0,0,20260223,20260518
55,0,1,0,0,0,0,0,20260224,20260519
56,0,0,1,0,0,0,0,20260225,20260520
57,0,0,0,1,0,0,0,20260226,20260521
58,0,0,0,0,1,0,0,20260227,20260522
59,0,0,0,0,0,1,0,20260228,20260523
60,0,0,0,0,0,0,0,20260406,20260504
61,0,0,0,0,0,0,0,20260317,20260317
62,0,0,0,0,0,0,1,20260301,20260517
63,1,1,1,1,1,0,0,20260223,20261210
64,0,0,0,0,1,0,0,20260227,20261204
65,0,0,0,0,0,1,0,20260228,20261205
66,1,1,1,1,1,0,1,20260223,20261210
67,0,0,0,0,0,1,0,20260228,20260228
68,0,0,1,0,0,0,0,20260225,20260225
69,0,0,0,1,0,0,0,20260226,20260226
70,0,0,0,0,1,0,0,20260227,20260227
96,0,0,0,0,0,0,0,20260503,20260503
98,0,0,0,0,0,1,0,20260307,20261212
100,0,0,0,0,0,0,0,20260504,20260504
101,0,0,0,0,0,0,1,20260308,20261206
102,0,0,0,0,0,0,1,20260301,20260301
106,0,0,0,0,1,0,0,20260227,20261211
108,0,0,0,0,0,1,0,20260307,20260307
109,1,0,0,0,0,0,0,20260302,20260302
119,0,0,0,0,0,0,0,20260404,20260404
121,0,0,0,0,0,0,0,20260405,20260405
123,0,0,0,0,0,0,0,20260406,20260406
125,0,0,0,0,0,1,0,20260228,20261212
126,0,0,0,0,0,0,1,20260301,20261206
127,0,0,0,0,0,0,0,20260502,20260502
128,0,0,0,0,0,1,0,20260228,20261212
130,0,0,0,0,0,0,0,20260407,20260408
185,0,0,0,0,0,1,0,20260307,20260905
186,1,0,0,0,0,0,0,20260302,20260831
187,0,1,0,0,0,0,0,20260303,20260901
188,0,0,1,0,0,0,0,20260304,20260902
189,0,0,0,1,0,0,0,20260305,20260903
190,0,0,0,0,1,0,0,20260306,20260904
191,0,0,0,0,0,0,0,20260330,20260824
192,0,0,0,0,0,0,0,20260331,20260825
193,0,0,0,0,0,0,0,20260401,20260826
194,0,0,0,0,0,0,0,20260402,20260827
195,0,0,0,0,0,0,0,20260403,20260828
196,0,0,0,0,0,0,1,20260301,20260830
197,0,0,0,0,0,0,0,20260406,20260803
198,1,0,0,0,0,0,0,20260223,20260316
199,0,0,1,0,0,0,0,20260225,20260318
200,0,1,0,0,0,0,0,20260224,20260310
201,0,0,0,0,1,0,0,20260227,20260320
202,0,0,0,1,0,0,0,20260226,20260319
203,0,0,0,0,0,1,0,20260307,20260314
204,0,0,0,0,0,0,0,20260323,20260518
205,0,0,0,0,0,1,0,20260228,20260829
206,0,0,0,0,0,0,0,20260324,20260505
207,0,0,0,0,0,0,0,20260325,20260422
208,0,0,0,0,0,0,0,20260326,20260423
209,0,0,0,0,0,0,0,20260327,20260424
210,1,0,0,0,0,0,0,20260330,20260831
211,0,1,0,0,0,0,0,20260331,20260825
212,0,0,1,0,0,0,0,20260401,20260826
213,0,0,0,1,0,0,0,20260402,20260827
214,0,0,0,0,1,0,0,20260403,20260828
215,0,0,0,0,0,0,1,20260301,20260830
275,0,0,0,0,0,0,0,20260523,20260523
276,0,0,0,0,0,0,0,20260524,20260524
277,0,0,0,0,0,0,0,20260525,20260525
278,1,1,1,1,1,0,0,20260224,20261211
279,1,1,1,1,1,0,0,20260224,20261211
280,0,0,0,0,0,1,0,20260228,20261212
281,0,0,0,0,0,0,0,20260403,20260403
282,0,0,0,0,0,0,1,20260301,20261206
283,0,0,0,0,0,0,0,20260803,20260803
284,0,0,0,0,0,1,0,20260228,20261212
285,0,0,0,0,0,0,0,20260314,20260314
286,1,1,1,1,1,0,0,20260224,20261211
287,0,0,0,0,0,0,0,20260327,20260327
288,0,0,0,0,0,0,0,20260331,20260331
289,1,1,1,1,1,0,0,20260224,20261211
290,0,0,0,0,1,0,0,20260306,20260306
291,1,1,1,1,1,0,0,20260224,20261211
292,1,1,1,1,1,0,0,20260224,20261211
293,1,1,1,1,1,0,0,20260224,20261211
294,1,1,1,1,1,0,0,20260224,20261211
295,1,1,1,1,1,0,0,20260224,20261211
296,1,1,1,1,1,1,0,20260224,20261212
297,1,1,1,1,1,1,0,20260224,20261212
298,1,1,1,1,1,1,0,20260224,20261212
299,0,0,0,0,0,1,0,20260228,20261212
300,1,1,1,1,1,1,0,20260224,20261212
301,1,1,1,1,0,1,0,20260224,20261212
302,0,0,0,0,0,0,0,20260601,20260601
303,0,0,0,0,0,0,0,20261026,20261026
304,1,1,1,1,0,1,0,20260224,20261212
305,1,1,1,1,0,0,0,20260224,20261210
306,0,0,0,0,0,1,0,20260228,20261212
307,0,0,0,0,0,0,0,20260328,20260328
308,1,1,1,1,1,1,0,20260224,20261212
309,1,1,1,1,0,0,0,20260224,20261210
310,1,1,1,1,1,1,0,20260224,20261212
311,1,1,1,1,1,1,0,20260227,20261212
312,0,1,1,1,0,0,0,20260224,20260226
313,1,1,1,1,0,0,0,20260302,20260305
314,1,1,1,1,1,1,0,20260224,20261212
315,1,1,1,1,1,0,0,20260224,20261211
316,0,0,0,0,0,0,1,20260301,20261206
317,1,0,0,0,0,0,0,20260302,20261207
318,0,1,1,1,1,0,0,20260224,20261211
319,1,1,1,1,1,1,0,20260224,20261212
320,0,0,0,0,0,0,0,20260309,20260312
321,0,0,0,0,0,0,0,20260316,20260319
322,0,0,0,0,0,0,0,20260324,20260326
323,1,1,1,1,1,1,0,20260227,20261212
324,0,0,0,0,1,1,0,20260227,20261212
325,0,0,0,0,1,0,0,20260227,20261211
326,1,1,1,1,1,1,0,20260224,20261212
327,1,1,1,1,0,1,0,20260224,20261212
328,1,1,1,1,1,1,0,20260227,20261212
329,0,0,0,0,0,0,0,20260316,20260319
330,1,1,1,1,1,1,0,20260226,20261212
331,0,1,1,0,0,0,0,20260224,20260225
332,1,1,1,0,0,0,0,20260302,20260304
333,0,0,0,0,0,0,0,20260309,20260311
334,0,0,0,0,0,0,0,20260316,20260318
335,0,0,0,0,0,0,0,20260323,20260325
336,0,0,0,0,0,0,0,20260330,20260401
337,0,0,0,0,0,0,0,20260413,20260415
338,0,0,0,0,0,0,0,20260420,20260422
339,0,0,0,0,0,0,0,20260427,20260429
340,1,0,0,0,0,0,0,20260302,20261207
369,1,1,1,1,0,0,0,20260225,20260514
370,0,0,0,0,1,0,0,20260227,20260515
371,0,0,0,0,0,1,0,20260228,20260516
372,0,0,0,0,0,0,1,20260301,20260510
